<?xml version="1.0"?>
<opencv_storage>
<camera_KK type_id="opencv-matrix">
  <rows>3</rows>
  <cols>3</cols>
  <dt>d</dt>
  <data>
    5.1119229362736962e+002 0. 3.1752432803566205e+002 0.
    5.1173710231018191e+002 2.4721193579843737e+002 0. 0. 1.</data></camera_KK>
<camera_dis type_id="opencv-matrix">
  <rows>1</rows>
  <cols>5</cols>
  <dt>d</dt>
  <data>
    6.5303670819428186e-002 -3.0602976048503128e-001
    -3.1499304404566781e-003 1.7298968668378223e-003
    3.5792389934596841e-001</data></camera_dis>
<project_KK type_id="opencv-matrix">
  <rows>3</rows>
  <cols>3</cols>
  <dt>d</dt>
  <data>
    1.3748974707021534e+003 0. 6.5127034305604252e+002 0.
    1.3782805311851241e+003 -1.0080133861136344e+001 0. 0. 1.</data></project_KK>
<project_dis type_id="opencv-matrix">
  <rows>1</rows>
  <cols>5</cols>
  <dt>d</dt>
  <data>
    7.8046026064037433e-002 -1.2294804368396949e-001
    -2.3556113876403518e-003 -1.7819010987525015e-004 0.</data></project_dis>
<depth_KK type_id="opencv-matrix">
  <rows>3</rows>
  <cols>3</cols>
  <dt>d</dt>
  <data>
    5.7953906638460660e+002 0. 3.1646363494999611e+002 0.
    5.8010022480718453e+002 2.5353529517077718e+002 0. 0. 1.</data></depth_KK>
<depth_dis type_id="opencv-matrix">
  <rows>1</rows>
  <cols>5</cols>
  <dt>d</dt>
  <data>
    -7.6491235332555876e-002 2.6917495638753003e-001
    -4.9393281283337969e-004 2.0053595897803246e-004
    -3.6647661333647452e-001</data></depth_dis>
<colToProR type_id="opencv-matrix">
  <rows>3</rows>
  <cols>3</cols>
  <dt>d</dt>
  <data>
    9.9996139324692090e-001 -1.9374753226211630e-003
    -8.5707762221959704e-003 4.1774293447382656e-003
    9.6293302273295101e-001 2.6970825499871481e-001
    7.7305303664396427e-003 -2.6973364625080848e-001
    9.6290394068177809e-001</data></colToProR>
<colToProT type_id="opencv-matrix">
  <rows>3</rows>
  <cols>1</cols>
  <dt>d</dt>
  <data>
    4.7294825259805904e+001 -2.7255527782725103e+001
    1.7730810693660928e+001</data></colToProT>
<colToProE type_id="opencv-matrix">
  <rows>3</rows>
  <cols>3</cols>
  <dt>d</dt>
  <data>
    -2.8476889407539396e-001 -9.7218502474279944e+000
    -3.1026601119247527e+001 1.7364512081784202e+001
    1.2722652657953253e+001 -4.5692340427216692e+001
    2.7452046326188537e+001 4.5488942134567580e+001
    1.2522203761847807e+001</data></colToProE>
<colToProF type_id="opencv-matrix">
  <rows>3</rows>
  <cols>3</cols>
  <dt>d</dt>
  <data>
    2.7800870576397639e-008 9.4809567802948105e-007
    1.3051962048021850e-003 -1.6910682025452589e-006
    -1.2376949012238471e-006 3.1176393145255291e-003
    -3.7199263073363076e-003 -6.7292342304180290e-003
    9.9999999999999989e-001</data></colToProF>
<depToColR type_id="opencv-matrix">
  <rows>3</rows>
  <cols>3</cols>
  <dt>d</dt>
  <data>
    9.9998764957514674e-001 4.9699795869949416e-003
    2.7987706750335991e-007 -4.9699495997436675e-003
    9.9998141715368594e-001 3.5305733645047315e-003
    1.7267005685341615e-005 -3.5305311513986245e-003
    9.9999376750639779e-001</data></depToColR>
<depToColT type_id="opencv-matrix">
  <rows>3</rows>
  <cols>1</cols>
  <dt>d</dt>
  <data>
    -2.5768952892577104e+001 -1.9559789845534747e-001
    -8.2053706363419954e-001</data></depToColT>
<depToColE type_id="opencv-matrix">
  <rows>3</rows>
  <cols>3</cols>
  <dt>d</dt>
  <data>
    -4.0814052410083033e-003 8.2121238019369569e-001
    -1.9269971309124090e-001 -8.2008197699675434e-001
    -9.5056143382801897e-002 2.5768792058093556e+001
    3.2366587985247819e-001 -2.5767501914523244e+001
    -9.0979123970343648e-002</data></depToColE>
<depToColF type_id="opencv-matrix">
  <rows>3</rows>
  <cols>3</cols>
  <dt>d</dt>
  <data>
    1.0208197659557072e-008 -2.0519866161082514e-006
    7.9634121929548422e-004 2.0489625127042975e-006
    2.3726660628590523e-007 -3.8021006667019332e-002
    -9.2359800556101777e-004 3.3506520547665931e-002 1.</data></depToColF>
<depToProR type_id="opencv-matrix">
  <rows>0</rows>
  <cols>0</cols>
  <dt>u</dt>
  <data></data></depToProR>
<depToProT type_id="opencv-matrix">
  <rows>0</rows>
  <cols>0</cols>
  <dt>u</dt>
  <data></data></depToProT>
<depToProE type_id="opencv-matrix">
  <rows>0</rows>
  <cols>0</cols>
  <dt>u</dt>
  <data></data></depToProE>
<depToProF type_id="opencv-matrix">
  <rows>0</rows>
  <cols>0</cols>
  <dt>u</dt>
  <data></data></depToProF>
<depToColHomo type_id="opencv-matrix">
  <rows>3</rows>
  <cols>3</cols>
  <dt>d</dt>
  <data>
    8.8892676943560256e-001 1.1599240458151814e-002
    1.8113496376936627e+001 -3.3114162491422877e-003
    8.8708998107913739e-001 2.4889363333337773e+001
    8.1762275965823194e-007 -2.7605453864418532e-006 1.</data></depToColHomo>
<depToProHomo type_id="opencv-matrix">
  <rows>3</rows>
  <cols>3</cols>
  <dt>d</dt>
  <data>
    2.1733937617671057e+000 -2.9978227180287265e-001
    -1.9331005938522111e+001 2.7759717564845581e-003
    2.0936878721523575e+000 -2.3940025562137254e+002
    2.3823732116569278e-005 -4.5263173563872658e-004
    9.8780456542909045e-001</data></depToProHomo>
<colToProHomo type_id="opencv-matrix">
  <rows>3</rows>
  <cols>3</cols>
  <dt>d</dt>
  <data>
    2.4436352666993200e+000 -3.7006021847358628e-001
    -5.4383221255631369e+001 1.2185278175952661e-002
    2.3590875824794426e+000 -2.9833716158896090e+002
    2.3990443478148490e-005 -5.0744509663752766e-004 1.</data></colToProHomo>
<screenRoi>
  22 110 540 325</screenRoi>
